filename,z_score of walker,accuracy,operation
HCTSA_OSULeaf_N.mat,-0.463475072399018,25.3527082196007,2638
HCTSA_HeartbeatBIDMC_N.mat,-0.371291469253235,12.0833333333333,2648
HCTSA_FordB_N.mat,-0.249136450762622,56.0834951829702,2639
HCTSA_Worms_N.mat,-0.237628259996904,29.9754769185962,2649
HCTSA_FiftyWords_N.mat,0.0315781101421942,6.87857985340482,2653
HCTSA_BirdChicken_N.mat,0.0922464765333636,65,2643 2649
HCTSA_SonyAIBORobotSurface2_N.mat,0.212650685194294,63.3330984923207,2654
HCTSA_Trace_N.mat,0.257808408746081,59,2640
HCTSA_ToeSegmentation2_N.mat,0.307777181961365,61.1943164362519,2650
HCTSA_FordA_N.mat,0.345488456107511,57.7815151914875,2650
HCTSA_MiddlePhalanxTW_N.mat,0.355756739355937,30.1120446177509,2652
HCTSA_ShapesAll_N.mat,0.411290989533257,7.91666666666667,2650
HCTSA_AALTDChallenge_N.mat,0.433235787258938,37.7777777777778,2638 2656
HCTSA_InlineSkate_N.mat,0.450331786126784,21.8263593922721,2652
HCTSA_Symbols_N.mat,0.534946847538706,50.5943130450102,2649
HCTSA_BeetleFly_N.mat,0.595075799772372,67.5,2640
HCTSA_EpilepsyX_N.mat,0.674523708054102,51.3344730709759,2652
HCTSA_ElectricDeviceOn_N.mat,0.679304476820984,62.008547008547,2648
HCTSA_ToeSegmentation1_N.mat,0.71827699598828,63.4151785714286,2655
HCTSA_MiddlePhalanxOutlineCorrect_N.mat,0.729865561606758,55.3929340432142,2657
HCTSA_SyntheticControl_N.mat,0.746204230228179,38.5,2645
HCTSA_ProximalPhalanxOutlineCorrect_N.mat,0.832073901554358,64.3833439287985,2651
HCTSA_CinCECGtorso_N.mat,0.84552955807377,49.2253521126761,2655
HCTSA_FaceFour_N.mat,0.891318094090311,47.8630968235431,2654
HCTSA_Haptics_N.mat,0.961750199953513,27.7565217391304,2644
HCTSA_PhalangesOutlinesCorrect_N.mat,0.979941808268882,55.0307346878681,2651
HCTSA_Wine_N.mat,0.994492784353078,60.233918128655,2654
HCTSA_ElectricDevices_N.mat,0.999584057724983,30.3509009747807,2638
HCTSA_Car_N.mat,1.00226563883788,43.3333333333333,2648
HCTSA_RefrigerationDevices_N.mat,1.01935231974683,46.4,2654
HCTSA_ProximalPhalanxTW_N.mat,1.09390352186978,44.7274062769454,2646
HCTSA_TwoPatterns_N.mat,1.10246845451829,33.5917667705753,2655
HCTSA_InsectWingbeatSound_N.mat,1.11913545654159,19.5,2652
HCTSA_ShapeletSim_N.mat,1.14129730778913,75.5,2639
HCTSA_MiddlePhalanxOutlineAgeGroup_N.mat,1.14504226802702,61.2431700368935,2652
HCTSA_UWaveGestureLibraryX_N.mat,1.16124935876701,27.1274437771531,2644
HCTSA_SonyAIBORobotSurface1_N.mat,1.20823359725808,77.8579555031182,2651
HCTSA_ArrowHead_N.mat,1.25733089847332,57.201646090535,2648
HCTSA_WormsTwoClass_N.mat,1.27973154428807,62.1328735915276,2649
HCTSA_ProximalPhalanxOutlineAgeGroup_N.mat,1.29149895806009,72.4237912523526,2646
HCTSA_DistalPhalanxOutlineAgeGroup_N.mat,1.35079937960288,68.7875359108928,2638
HCTSA_NonInvasiveFetalECGThorax1_N.mat,1.39921257984784,14.0976075631019,2657
HCTSA_NonInvasiveFatalECGThorax1_N.mat,1.39921504187891,14.0976075631019,2657
HCTSA_Earthquakes_N.mat,1.43996800530964,63.508064516129,2649
HCTSA_Fish_N.mat,1.44945127208057,32.8571428571429,2653 2654
HCTSA_StarLightCurves_N.mat,1.46308841669146,77.7086304530263,2646
HCTSA_NonInvasiveFetalECGThorax2_N.mat,1.50084756368006,15.097435288203,2642
HCTSA_NonInvasiveFatalECGThorax2_N.mat,1.50084799222991,15.097435288203,2642
HCTSA_OliveOil_N.mat,1.51871363295517,55.1764705882353,2649
HCTSA_Meat_N.mat,1.54346414700264,75,2642
HCTSA_Phoneme_N.mat,1.57385874655184,7.97791825855813,2642
HCTSA_Lightning2_N.mat,1.57887508743622,65.6392694063927,2656
HCTSA_SmallKitchenAppliances_N.mat,1.58054600572553,62.1333333333333,2644
HCTSA_Mallat_N.mat,1.65720139548546,50.75,2640
HCTSA_UWaveGestureLibraryZ_N.mat,1.65955514126099,29.5822418860209,2648
HCTSA_DiatomSizeReduction_N.mat,1.66430583265784,72.090572825867,2653
HCTSA_ScreenType_N.mat,1.71890395763654,45.6,2639
HCTSA_UWaveGestureLibraryAll_N.mat,1.72538742485304,29.4308634679274,2654
HCTSA_WordSynonyms_N.mat,1.75489387045324,10.9341474450628,2638
HCTSA_CBF_N.mat,1.78032636707295,63.010752688172,2646
HCTSA_CricketZ_N.mat,1.79333033059098,21.7948717948718,2642
HCTSA_Beef_N.mat,1.81606839026234,40,2645
HCTSA_ECGMeditation_N.mat,1.82957238899706,67.2138047138047,2655
HCTSA_GunPoint_N.mat,1.97930945109124,77.5,2639
HCTSA_CricketX_N.mat,1.99468051650267,22.6923076923077,2641
HCTSA_DistalPhalanxOutlineCorrect_N.mat,2.02002814996822,62.6996360993817,2639
HCTSA_ECG5000_N.mat,2.04151147887603,39.008713096984,2644
HCTSA_Adiac_N.mat,2.05495215030345,19.3646803107073,2645
HCTSA_Wafer_N.mat,2.06420371235681,85.6987358773218,2651
HCTSA_MedicalImages_N.mat,2.09582265866966,29.2353822452879,2653
HCTSA_ECGFiveDays_N.mat,2.2029166025353,75.6787330316742,2643
HCTSA_ECG200_N.mat,2.23225457561841,75.6256312422848,2649
HCTSA_DistalPhalanxTW_N.mat,2.27786473693786,49.5040400218384,2638
HCTSA_Yoga_N.mat,2.29487821153648,60.9754071119973,2641
HCTSA_Lightning7_N.mat,2.34679658035679,42.576577680514,2638
HCTSA_Herring_N.mat,2.37718553680296,62.8596893302776,2638
HCTSA_FacesUCR_N.mat,2.39268718889885,22.8546069577835,2643
HCTSA_FaceAll_N.mat,2.40641049216124,22.8546069577835,2646
HCTSA_CricketY_N.mat,2.42738354918157,20.6410256410256,2647
HCTSA_Strawberry_N.mat,2.44016109944625,74.1741498070612,2648
HCTSA_Computers_N.mat,2.47341268175089,71.6,2649
HCTSA_ItalyPowerDemand_N.mat,2.5068314727916,80.0016982847324,2641
HCTSA_Ham_N.mat,2.56452023308275,65.162249628269,2654
HCTSA_Plane_N.mat,2.58645282571258,84.2857142857143,2650
HCTSA_Coffee_N.mat,2.66526571470474,96.4240102171137,2653 2654
HCTSA_SwedishLeaf_N.mat,2.73001061479432,39.4666666666667,2646
HCTSA_UWaveGestureLibraryY_N.mat,2.73143387124169,32.6552916560184,2642
HCTSA_ChlorineConcentration_N.mat,2.7887618683852,38.7229591099552,2649
HCTSA_EthanolLevel_N.mat,2.80349161242991,32.6698412698413,2643
HCTSA_HandOutlines_N.mat,2.99607192121182,73.5965367965368,2647
HCTSA_LargeKitchenAppliances_N.mat,3.23652738614431,64.8,2638
HCTSA_TwoLeadECG_N.mat,3.30888138238236,91.7383820998279,2647
HCTSA_MoteStrain_N.mat,4.50427655049867,89.9621979880377,2644
